2.60150  2.02181
1.98035  -0.74469
1.85340  -1.18444
1.63428  -0.58965
1.59022  -0.39584
1.70310  -0.14259
2.10062  0.24271
2.45669  0.11106
2.36234  0.39795
2.44880  0.26645
2.45522  0.33021
2.48023  0.33810
2.66699  0.39604
2.72753  0.55947
2.77233  0.38229
2.76241  0.41687
2.75729  0.45293
2.77001  0.42881
2.77247  0.43765
2.77632  0.43844
2.79909  0.44488
2.89659  0.48928
2.92145  0.41142
2.89486  0.50055
2.90425  0.46685
2.90381  0.47345
2.90438  0.47668
2.90598  0.47513
2.90689  0.47587
2.90847  0.47614
2.91421  0.47835
2.92024  0.47570
2.91982  0.48105
2.92141  0.47937
2.92216  0.47993
2.92352  0.48022
2.93200  0.48309
2.93941  0.47847
2.93806  0.48628
2.93946  0.48436
2.94011  0.48457
2.94613  0.48738
2.94902  0.48317
2.94841  0.48801
2.94937  0.48708
2.94987  0.48718
2.95561  0.48917
2.95967  0.48574
2.95883  0.49075
2.95964  0.48979
2.96006  0.48979
2.96091  0.49021
2.96205  0.48998
2.96237  0.49081
2.96283  0.49047
2.96314  0.49068
2.96377  0.49077
2.96551  0.49151
2.96702  0.49061
2.96700  0.49203
2.96746  0.49172
2.96775  0.49185
2.96870  0.49204
2.97170  0.49339
2.97313  0.49131
2.97283  0.49372
2.97330  0.49326
2.97355  0.49331
2.97530  0.49392
2.97701  0.49305
2.97684  0.49466
2.97725  0.49420
2.97744  0.49431
2.97786  0.49442
3.00341  0.50105
3.00602  0.48231
