1.17866  2.12235
0.67866  1.62235
0.28672  1.23713
-0.02601  0.93154
-0.28024  0.68161
-0.48759  0.47317
-0.65522  0.29689
-0.78811  0.14607
-0.89012  0.01580
-0.96441  -0.09760
-1.01361  -0.19681
-1.03998  -0.28381
-1.04549  -0.36003
-1.03188  -0.42654
-1.00074  -0.48415
-0.95353  -0.53353
-0.89165  -0.57534
-0.81644  -0.61024
-0.72928  -0.63896
-0.63151  -0.66229
-0.52452  -0.68107
-0.40969  -0.69615
-0.28842  -0.70838
-0.16210  -0.71851
-0.03207  -0.72723
0.10032  -0.73508
0.23379  -0.74247
0.36711  -0.74967
0.49908  -0.75677
0.62859  -0.76373
0.75457  -0.77033
0.87603  -0.77625
0.99205  -0.78100
1.10181  -0.78404
1.20462  -0.78473
1.29988  -0.78244
1.38720  -0.77657
1.46633  -0.76664
1.53720  -0.75232
1.59997  -0.73348
1.65492  -0.71018
1.70253  -0.68270
1.74335  -0.65146
1.77804  -0.61700
1.80729  -0.57990
1.83177  -0.54077
1.85215  -0.50016
1.86907  -0.45858
1.88312  -0.41649
1.89481  -0.37425
1.90464  -0.33217
1.91303  -0.29052
1.92037  -0.24951
1.92699  -0.20931
1.93319  -0.17008
1.93924  -0.13193
1.94534  -0.09500
1.95171  -0.05938
1.95851  -0.02518
1.96587  0.00752
1.97391  0.03864
1.98272  0.06809
1.99237  0.09581
2.00290  0.12173
2.01436  0.14580
2.02675  0.16797
2.04007  0.18823
2.05429  0.20655
2.06938  0.22294
2.08530  0.23743
2.10197  0.25004
2.11934  0.26085
2.13730  0.26994
2.15578  0.27741
2.17468  0.28336
2.19388  0.28795
2.21327  0.29132
2.23275  0.29363
2.25220  0.29505
2.27151  0.29575
2.29057  0.29589
2.30927  0.29564
2.32751  0.29517
2.34522  0.29463
2.36229  0.29414
2.37868  0.29384
2.39431  0.29382
2.40915  0.29418
2.42317  0.29498
2.43634  0.29627
2.44868  0.29809
2.46017  0.30044
2.47086  0.30333
2.48076  0.30673
2.48993  0.31061
2.49842  0.31493
2.50629  0.31962
2.51359  0.32462
2.52041  0.32985
2.52681  0.33524
2.53286  0.34071
2.53863  0.34617
2.54419  0.35155
2.54959  0.35677
2.55489  0.36177
2.56014  0.36647
2.56538  0.37085
2.57064  0.37485
2.57595  0.37844
2.58132  0.38163
2.58676  0.38439
2.59227  0.38675
2.59784  0.38872
2.60346  0.39033
2.60911  0.39163
2.61478  0.39267
2.62043  0.39348
2.62604  0.39412
2.63159  0.39465
2.63705  0.39512
2.64239  0.39558
2.64761  0.39606
2.65267  0.39661
2.65756  0.39726
2.66229  0.39803
2.66683  0.39894
2.67119  0.39999
2.67538  0.40118
2.67940  0.40251
2.68327  0.40397
2.68698  0.40553
2.69057  0.40717
2.69405  0.40887
2.69743  0.41061
2.70074  0.41235
2.70398  0.41408
2.70717  0.41576
2.71034  0.41737
2.71348  0.41891
2.71662  0.42035
2.71974  0.42168
2.72287  0.42291
2.72599  0.42403
2.72912  0.42504
2.73224  0.42596
2.73536  0.42679
2.73846  0.42755
2.74154  0.42825
2.74460  0.42890
2.74762  0.42953
2.75059  0.43015
2.75353  0.43077
2.75641  0.43141
2.75923  0.43206
2.76199  0.43275
2.76470  0.43346
2.76734  0.43422
2.76993  0.43500
2.77247  0.43582
2.77495  0.43666
2.77738  0.43752
2.77977  0.43839
2.78212  0.43927
2.78444  0.44013
2.78673  0.44099
2.78900  0.44183
2.79124  0.44264
2.79347  0.44342
2.79569  0.44416
2.79788  0.44487
2.80007  0.44555
2.80224  0.44619
2.80440  0.44681
2.80654  0.44739
2.80866  0.44796
2.81076  0.44850
2.81284  0.44904
2.81489  0.44956
2.81692  0.45009
2.81893  0.45061
2.82090  0.45114
2.82285  0.45167
2.82477  0.45221
2.82666  0.45275
2.82852  0.45330
2.83035  0.45386
2.83216  0.45441
2.83395  0.45497
2.83571  0.45553
2.83746  0.45608
2.83918  0.45662
2.84089  0.45716
2.84258  0.45768
2.84425  0.45819
2.84591  0.45868
2.84756  0.45917
2.84919  0.45964
2.85081  0.46009
2.85241  0.46054
2.85399  0.46098
2.85557  0.46140
2.85712  0.46182
2.85866  0.46224
2.86018  0.46265
2.86169  0.46306
2.86317  0.46346
2.86464  0.46387
2.86609  0.46427
2.86753  0.46468
2.86894  0.46508
2.87034  0.46548
2.87173  0.46588
2.87310  0.46628
2.87445  0.46667
2.87579  0.46706
2.87712  0.46744
2.87843  0.46782
2.87973  0.46819
2.88102  0.46856
2.88229  0.46892
2.88356  0.46927
2.88481  0.46961
2.88605  0.46995
2.88727  0.47029
2.88849  0.47062
2.88969  0.47094
2.89088  0.47127
2.89206  0.47158
2.89322  0.47190
2.89437  0.47221
2.89551  0.47253
2.89664  0.47284
2.89775  0.47314
2.89886  0.47345
2.89995  0.47375
2.90103  0.47405
2.90210  0.47435
2.90315  0.47464
2.90420  0.47493
2.90524  0.47522
2.90626  0.47550
2.90728  0.47578
2.90828  0.47605
2.90928  0.47632
2.91027  0.47659
2.91124  0.47685
2.91221  0.47711
2.91317  0.47737
2.91411  0.47762
2.91505  0.47788
2.91598  0.47812
2.91690  0.47837
2.91780  0.47862
2.91870  0.47886
2.91959  0.47910
2.92047  0.47934
2.92134  0.47957
2.92221  0.47980
2.92306  0.48003
2.92390  0.48026
2.92474  0.48049
2.92557  0.48071
2.92639  0.48093
2.92720  0.48115
2.92800  0.48136
2.92880  0.48158
2.92958  0.48179
2.93036  0.48199
2.93113  0.48220
2.93190  0.48240
2.93265  0.48260
2.93340  0.48280
2.93414  0.48300
2.93487  0.48319
2.93560  0.48338
2.93632  0.48357
2.93703  0.48376
2.93773  0.48395
2.93842  0.48413
2.93911  0.48432
2.93979  0.48450
2.94047  0.48468
2.94114  0.48485
2.94180  0.48503
2.94245  0.48520
2.94310  0.48537
2.94374  0.48554
2.94437  0.48571
2.94500  0.48587
2.94562  0.48603
2.94624  0.48620
2.94685  0.48636
2.94745  0.48651
2.94805  0.48667
2.94864  0.48683
2.94922  0.48698
2.94980  0.48713
2.95037  0.48728
2.95094  0.48743
2.95150  0.48758
2.95205  0.48772
2.95260  0.48786
2.95314  0.48801
2.95368  0.48815
2.95421  0.48829
2.95474  0.48842
2.95526  0.48856
2.95577  0.48869
2.95628  0.48883
2.95679  0.48896
2.95729  0.48909
2.95778  0.48922
2.95827  0.48934
2.95875  0.48947
2.95923  0.48959
2.95971  0.48972
2.96018  0.48984
2.96064  0.48996
2.96110  0.49008
2.96155  0.49020
2.96200  0.49031
2.96245  0.49043
2.96289  0.49054
2.96332  0.49066
2.96376  0.49077
2.96418  0.49088
2.96460  0.49099
2.96502  0.49110
2.96543  0.49120
2.96584  0.49131
2.96625  0.49141
2.96665  0.49152
2.96704  0.49162
2.96743  0.49172
2.96782  0.49182
2.96821  0.49192
2.96858  0.49201
2.96896  0.49211
2.96933  0.49221
2.96970  0.49230
2.97006  0.49240
2.97042  0.49249
2.97078  0.49258
2.97113  0.49267
2.97148  0.49276
2.97182  0.49285
2.97216  0.49294
2.97250  0.49302
2.97283  0.49311
2.97316  0.49319
2.97348  0.49328
2.97381  0.49336
2.97413  0.49344
2.97444  0.49352
2.97475  0.49360
2.97506  0.49368
2.97537  0.49376
2.97567  0.49384
2.97597  0.49391
2.97626  0.49399
2.97655  0.49406
2.97684  0.49414
2.97713  0.49421
2.97741  0.49428
2.97769  0.49435
2.97797  0.49442
2.97824  0.49449
2.97851  0.49456
2.97878  0.49463
2.97904  0.49470
2.97930  0.49476
2.97956  0.49483
2.97982  0.49490
2.98007  0.49496
2.98032  0.49502
2.98056  0.49509
2.98081  0.49515
2.98105  0.49521
2.98129  0.49527
2.98152  0.49533
2.98176  0.49539
2.98199  0.49545
2.98222  0.49551
2.98244  0.49557
2.98267  0.49562
2.98289  0.49568
2.98310  0.49573
2.98332  0.49579
2.98353  0.49584
2.98374  0.49590
2.98395  0.49595
2.98416  0.49600
2.98436  0.49605
2.98456  0.49610
2.98476  0.49615
2.98496  0.49620
2.98515  0.49625
2.98534  0.49630
2.98553  0.49635
2.98572  0.49640
2.98591  0.49645
2.98609  0.49649
2.98627  0.49654
2.98645  0.49658
2.98663  0.49663
2.98680  0.49667
2.98697  0.49672
2.98714  0.49676
2.98731  0.49680
2.98748  0.49684
2.98764  0.49689
2.98781  0.49693
2.98797  0.49697
2.98813  0.49701
2.98828  0.49705
2.98844  0.49709
2.98859  0.49713
2.98874  0.49716
2.98889  0.49720
2.98904  0.49724
2.98919  0.49728
2.98933  0.49731
2.98948  0.49735
2.98962  0.49739
2.98976  0.49742
2.98989  0.49746
2.99003  0.49749
2.99016  0.49752
2.99030  0.49756
2.99043  0.49759
2.99056  0.49762
2.99069  0.49766
2.99081  0.49769
2.99094  0.49772
2.99106  0.49775
2.99118  0.49778
2.99130  0.49781
2.99142  0.49784
2.99154  0.49787
2.99165  0.49790
2.99177  0.49793
2.99188  0.49796
2.99199  0.49799
2.99210  0.49801
2.99221  0.49804
2.99232  0.49807
