1.17866  2.12235
0.90994  1.64685
0.77569  1.39496
0.69736  1.23394
0.64778  1.11752
0.61547  1.02598
0.59486  0.94961
0.58295  0.88316
0.57801  0.82351
0.57895  0.76872
0.58507  0.71752
0.59588  0.66906
0.61099  0.62275
0.63013  0.57817
0.65303  0.53502
0.67946  0.49312
0.70921  0.45232
0.74207  0.41256
0.77782  0.37380
0.81623  0.33603
0.85708  0.29927
0.90014  0.26358
0.94515  0.22901
0.99189  0.19562
1.04010  0.16350
1.08953  0.13272
1.13992  0.10338
1.19104  0.07555
1.24263  0.04934
1.29445  0.02482
1.34627  0.00208
1.39786  -0.01879
1.44899  -0.03771
1.49947  -0.05460
1.54910  -0.06938
1.59771  -0.08199
1.64512  -0.09235
1.69120  -0.10042
1.73581  -0.10615
1.77885  -0.10949
1.82023  -0.11044
1.85988  -0.10898
1.89774  -0.10513
1.93380  -0.09891
1.96804  -0.09038
2.00048  -0.07960
2.03113  -0.06665
2.06005  -0.05165
2.08729  -0.03470
2.11293  -0.01596
2.13705  0.00443
2.15976  0.02629
2.18116  0.04944
2.20137  0.07368
2.22052  0.09880
2.23873  0.12457
2.25613  0.15076
2.27287  0.17710
2.28907  0.20334
2.30487  0.22920
2.32040  0.25441
2.33578  0.27868
2.35111  0.30173
2.36651  0.32330
2.38205  0.34314
2.39781  0.36101
2.41385  0.37673
2.43020  0.39017
2.44687  0.40124
2.46388  0.40993
2.48119  0.41628
2.49877  0.42041
2.51658  0.42250
2.53454  0.42276
2.55258  0.42148
2.57061  0.41894
2.58855  0.41547
2.60629  0.41139
2.62375  0.40702
2.64084  0.40264
2.65747  0.39854
2.67357  0.39496
2.68907  0.39212
2.70392  0.39018
2.71809  0.38927
2.73154  0.38950
2.74428  0.39090
2.75631  0.39349
2.76764  0.39723
2.77832  0.40207
2.78838  0.40790
2.79789  0.41458
2.80691  0.42196
2.81550  0.42983
2.82375  0.43801
2.83171  0.44627
2.83947  0.45440
2.84709  0.46218
2.85463  0.46942
2.86213  0.47595
2.86964  0.48164
2.87719  0.48637
2.88479  0.49010
2.89245  0.49282
2.90016  0.49455
2.90791  0.49539
2.91567  0.49543
2.92341  0.49482
2.93110  0.49372
2.93870  0.49229
2.94616  0.49070
2.95345  0.48911
2.96054  0.48767
2.96739  0.48651
2.97399  0.48573
2.98031  0.48542
2.98634  0.48562
2.99209  0.48636
2.99755  0.48763
3.00274  0.48940
3.00767  0.49162
3.01238  0.49421
3.01688  0.49709
3.02121  0.50014
3.02539  0.50327
3.02945  0.50637
3.03342  0.50934
3.03733  0.51209
3.04119  0.51454
3.04502  0.51664
3.04883  0.51834
3.05262  0.51964
3.05640  0.52055
3.06015  0.52108
3.06388  0.52129
3.06758  0.52122
3.07121  0.52095
3.07479  0.52055
3.07828  0.52008
3.08167  0.51963
3.08496  0.51924
3.08812  0.51897
3.09116  0.51887
3.09406  0.51897
3.09684  0.51927
3.09947  0.51978
3.10198  0.52048
3.10437  0.52137
3.10665  0.52240
3.10882  0.52353
3.11090  0.52474
3.11289  0.52596
3.11482  0.52716
3.11669  0.52829
3.11851  0.52933
3.12029  0.53024
3.12203  0.53100
3.12374  0.53161
3.12542  0.53205
3.12706  0.53235
3.12867  0.53251
3.13024  0.53256
3.13177  0.53251
3.13325  0.53239
3.13468  0.53224
3.13605  0.53209
3.13736  0.53195
3.13860  0.53184
3.13977  0.53180
3.14087  0.53182
3.14190  0.53192
3.14286  0.53209
3.14375  0.53234
3.14457  0.53264
3.14533  0.53300
3.14603  0.53340
3.14667  0.53381
3.14727  0.53422
3.14782  0.53462
3.14833  0.53499
3.14880  0.53532
3.14923  0.53559
3.14964  0.53581
3.15001  0.53596
3.15035  0.53605
3.15067  0.53608
3.15095  0.53606
3.15119  0.53599
3.15141  0.53588
3.15159  0.53575
3.15173  0.53561
3.15183  0.53546
3.15189  0.53532
3.15191  0.53520
3.15189  0.53509
3.15183  0.53500
3.15172  0.53495
3.15157  0.53491
3.15139  0.53490
3.15116  0.53491
3.15089  0.53493
3.15059  0.53496
3.15026  0.53499
3.14989  0.53502
3.14950  0.53503
3.14907  0.53503
3.14862  0.53501
3.14814  0.53497
3.14764  0.53489
3.14712  0.53480
3.14657  0.53467
3.14599  0.53453
3.14540  0.53436
3.14478  0.53417
3.14413  0.53397
3.14347  0.53376
3.14277  0.53354
3.14205  0.53332
3.14131  0.53310
3.14054  0.53288
3.13974  0.53267
3.13892  0.53246
3.13807  0.53227
3.13720  0.53208
3.13630  0.53189
3.13538  0.53172
3.13444  0.53154
3.13347  0.53136
3.13249  0.53118
3.13148  0.53100
3.13046  0.53081
3.12942  0.53061
3.12836  0.53041
3.12728  0.53019
3.12619  0.52996
3.12509  0.52971
3.12396  0.52946
3.12283  0.52920
3.12167  0.52892
3.12051  0.52864
3.11932  0.52835
3.11813  0.52806
3.11692  0.52776
3.11569  0.52746
3.11445  0.52716
3.11319  0.52685
3.11193  0.52655
3.11064  0.52625
3.10935  0.52596
3.10804  0.52566
3.10672  0.52537
3.10538  0.52507
3.10404  0.52478
3.10268  0.52448
3.10131  0.52419
3.09994  0.52389
3.09855  0.52359
3.09715  0.52328
3.09575  0.52297
3.09434  0.52266
3.09292  0.52234
3.09149  0.52201
3.09006  0.52168
3.08862  0.52134
3.08718  0.52100
3.08573  0.52066
3.08427  0.52031
3.08281  0.51997
3.08134  0.51961
3.07987  0.51926
3.07839  0.51891
3.07691  0.51855
3.07542  0.51820
3.07393  0.51785
3.07244  0.51750
3.07094  0.51714
3.06944  0.51679
3.06794  0.51644
3.06643  0.51609
3.06492  0.51574
3.06341  0.51539
3.06191  0.51504
3.06039  0.51469
3.05888  0.51434
3.05737  0.51399
3.05586  0.51363
3.05436  0.51328
3.05285  0.51292
3.05134  0.51256
3.04984  0.51220
3.04834  0.51184
3.04684  0.51148
3.04534  0.51112
3.04385  0.51076
3.04236  0.51040
3.04087  0.51003
3.03939  0.50967
3.03791  0.50931
3.03644  0.50895
3.03497  0.50859
3.03351  0.50824
3.03205  0.50788
3.03059  0.50753
3.02914  0.50718
3.02770  0.50683
3.02627  0.50648
3.02484  0.50613
3.02342  0.50579
3.02200  0.50544
3.02060  0.50510
3.01920  0.50476
3.01781  0.50442
3.01642  0.50408
3.01505  0.50375
3.01369  0.50341
3.01233  0.50308
3.01099  0.50275
3.00965  0.50242
3.00833  0.50209
3.00702  0.50176
3.00571  0.50144
