1.17866  2.12235
1.14704  2.09072
1.12527  2.06904
1.10758  2.05147
1.09222  2.03625
1.07840  2.02256
1.06566  2.00998
1.05376  1.99822
1.04249  1.98712
1.03175  1.97653
1.02143  1.96638
1.01146  1.95659
1.00180  1.94710
0.99239  1.93787
0.98320  1.92887
0.97421  1.92006
0.96538  1.91142
0.95671  1.90294
0.94816  1.89460
0.93974  1.88637
0.93142  1.87826
0.92319  1.87024
0.91505  1.86231
0.90699  1.85447
0.89899  1.84669
0.89106  1.83898
0.88319  1.83133
0.87537  1.82374
0.86759  1.81620
0.85986  1.80870
0.85217  1.80125
0.84452  1.79384
0.83690  1.78647
0.82931  1.77913
0.82176  1.77182
0.81422  1.76454
0.80672  1.75729
0.79923  1.75007
0.79177  1.74287
0.78433  1.73569
0.77690  1.72853
0.76949  1.72139
0.76210  1.71428
0.75472  1.70718
0.74736  1.70009
0.74001  1.69303
0.73267  1.68597
0.72535  1.67894
0.71803  1.67191
0.71073  1.66490
0.70344  1.65790
0.69615  1.65091
0.68887  1.64394
0.68161  1.63697
0.67435  1.63002
0.66709  1.62308
0.65985  1.61614
0.65261  1.60922
0.64538  1.60230
0.63816  1.59539
0.63094  1.58850
0.62373  1.58161
0.61652  1.57473
0.60932  1.56785
0.60213  1.56099
0.59494  1.55413
0.58776  1.54728
0.58059  1.54044
0.57341  1.53361
0.56625  1.52678
0.55909  1.51996
0.55194  1.51315
0.54479  1.50635
0.53765  1.49956
0.53051  1.49277
0.52338  1.48599
0.51625  1.47921
0.50913  1.47245
0.50202  1.46569
0.49491  1.45895
0.48781  1.45220
0.48072  1.44547
0.47363  1.43875
0.46655  1.43203
0.45948  1.42533
0.45241  1.41863
0.44536  1.41194
0.43831  1.40526
0.43127  1.39860
0.42423  1.39194
0.41721  1.38529
0.41020  1.37865
0.40319  1.37203
0.39620  1.36541
0.38922  1.35881
0.38225  1.35222
0.37529  1.34565
0.36834  1.33908
0.36141  1.33253
0.35449  1.32600
0.34758  1.31948
0.34069  1.31297
0.33381  1.30648
0.32695  1.30001
0.32011  1.29356
0.31328  1.28713
0.30648  1.28071
0.29969  1.27431
0.29293  1.26794
0.28618  1.26159
0.27946  1.25526
0.27277  1.24895
0.26610  1.24267
0.25945  1.23641
0.25284  1.23019
0.24625  1.22399
0.23969  1.21782
0.23317  1.21168
0.22668  1.20557
0.22023  1.19950
0.21381  1.19347
0.20743  1.18747
0.20110  1.18151
0.19481  1.17559
0.18856  1.16971
0.18236  1.16388
0.17621  1.15809
0.17012  1.15235
0.16408  1.14667
0.15810  1.14103
0.15218  1.13545
0.14633  1.12993
0.14055  1.12447
0.13483  1.11907
0.12920  1.11374
0.12364  1.10847
0.11816  1.10328
0.11278  1.09816
0.10748  1.09311
0.10229  1.08815
0.09719  1.08327
0.09221  1.07848
0.08733  1.07377
0.08258  1.06916
0.07795  1.06464
0.07346  1.06022
0.06910  1.05590
0.06490  1.05168
0.06084  1.04757
0.05695  1.04357
0.05324  1.03967
0.04971  1.03588
0.04637  1.03219
0.04324  1.02861
0.04032  1.02514
0.03764  1.02175
0.03521  1.01846
0.03304  1.01525
0.03117  1.01210
0.02960  1.00900
0.02838  1.00592
0.02753  1.00284
0.02711  0.99972
0.02715  0.99652
0.02773  0.99317
0.02892  0.98960
0.03082  0.98573
0.03356  0.98145
0.03727  0.97663
0.04212  0.97111
0.04829  0.96472
0.05596  0.95729
0.06525  0.94867
0.07621  0.93874
0.08876  0.92750
0.10268  0.91505
0.11766  0.90161
0.13333  0.88742
0.14940  0.87278
0.16560  0.85792
0.18175  0.84303
0.19773  0.82822
0.21347  0.81360
0.22893  0.79921
0.24409  0.78507
0.25895  0.77120
0.27351  0.75760
0.28780  0.74426
0.30181  0.73118
0.31557  0.71834
0.32910  0.70573
0.34240  0.69334
0.35549  0.68115
0.36839  0.66916
0.38111  0.65734
0.39366  0.64570
0.40605  0.63423
0.41830  0.62290
0.43040  0.61172
0.44238  0.60067
0.45423  0.58975
0.46597  0.57896
0.47760  0.56828
0.48913  0.55771
0.50056  0.54725
0.51190  0.53689
0.52316  0.52662
0.53433  0.51645
0.54543  0.50637
0.55646  0.49637
0.56741  0.48645
0.57830  0.47661
0.58913  0.46684
0.59989  0.45716
0.61060  0.44754
0.62126  0.43799
0.63186  0.42851
0.64241  0.41909
0.65291  0.40974
0.66336  0.40045
0.67378  0.39122
0.68414  0.38206
0.69447  0.37295
0.70476  0.36390
0.71500  0.35491
0.72522  0.34597
0.73539  0.33709
0.74553  0.32826
0.75564  0.31949
0.76571  0.31078
0.77575  0.30211
0.78576  0.29351
0.79574  0.28495
0.80569  0.27645
0.81562  0.26800
0.82551  0.25961
0.83538  0.25127
0.84522  0.24298
0.85504  0.23475
0.86483  0.22658
0.87460  0.21846
0.88434  0.21039
0.89406  0.20239
0.90375  0.19444
0.91342  0.18655
0.92307  0.17871
0.93270  0.17094
0.94231  0.16324
0.95189  0.15559
0.96145  0.14801
0.97100  0.14050
0.98052  0.13305
0.99002  0.12568
0.99950  0.11837
1.00896  0.11114
1.01840  0.10399
1.02783  0.09692
1.03723  0.08992
1.04662  0.08302
1.05598  0.07620
1.06533  0.06947
1.07466  0.06284
1.08397  0.05631
1.09326  0.04988
1.10253  0.04356
1.11179  0.03736
1.12102  0.03127
1.13024  0.02531
1.13945  0.01948
1.14863  0.01379
1.15780  0.00824
1.16695  0.00285
1.17608  -0.00239
1.18520  -0.00745
1.19430  -0.01233
1.20338  -0.01702
1.21245  -0.02150
1.22151  -0.02578
1.23054  -0.02983
1.23957  -0.03363
1.24857  -0.03719
1.25757  -0.04048
1.26655  -0.04349
1.27552  -0.04620
1.28447  -0.04859
1.29342  -0.05067
1.30235  -0.05240
1.31127  -0.05378
1.32019  -0.05480
1.32910  -0.05545
1.33800  -0.05572
1.34689  -0.05560
1.35578  -0.05511
1.36466  -0.05424
1.37355  -0.05300
1.38243  -0.05141
1.39131  -0.04949
1.40019  -0.04727
1.40907  -0.04476
1.41795  -0.04200
1.42684  -0.03903
1.43572  -0.03587
1.44461  -0.03257
1.45351  -0.02914
1.46240  -0.02563
1.47130  -0.02206
1.48019  -0.01845
1.48909  -0.01482
1.49799  -0.01119
1.50689  -0.00758
1.51579  -0.00400
1.52469  -0.00044
1.53358  0.00308
1.54247  0.00656
1.55136  0.01001
1.56024  0.01342
1.56912  0.01680
1.57800  0.02014
1.58686  0.02345
1.59572  0.02674
1.60458  0.03000
1.61343  0.03324
1.62227  0.03645
1.63110  0.03965
1.63993  0.04283
1.64874  0.04599
1.65755  0.04914
1.66635  0.05227
1.67514  0.05539
1.68392  0.05850
1.69269  0.06160
1.70146  0.06469
1.71021  0.06777
1.71896  0.07084
1.72769  0.07391
1.73641  0.07697
1.74513  0.08002
1.75383  0.08306
1.76253  0.08610
1.77121  0.08914
1.77988  0.09217
1.78854  0.09519
1.79720  0.09822
1.80584  0.10124
1.81447  0.10425
1.82308  0.10727
1.83169  0.11028
1.84029  0.11329
1.84887  0.11630
1.85745  0.11930
1.86601  0.12231
1.87456  0.12531
1.88310  0.12831
1.89162  0.13131
1.90014  0.13431
1.90864  0.13730
1.91713  0.14030
1.92561  0.14330
1.93407  0.14629
1.94253  0.14928
1.95097  0.15228
1.95939  0.15527
1.96781  0.15826
1.97621  0.16125
1.98460  0.16424
1.99298  0.16724
2.00134  0.17014
2.00969  0.17378
2.01804  0.17147
2.02624  0.19800
2.03506  0.16768
2.04292  0.18719
2.05126  0.18465
2.05943  0.19013
2.06766  0.19197
2.07585  0.19574
2.08405  0.19830
2.09223  0.20172
2.10041  0.20442
2.10856  0.20779
2.11672  0.21045
2.12485  0.21392
2.13299  0.21632
2.14109  0.22026
2.14922  0.22173
2.15727  0.22744
2.16542  0.22516
2.17334  0.23811
2.18167  0.22288
2.18918  0.24658
2.19764  0.23165
2.20522  0.24739
2.21343  0.24179
2.22119  0.25103
2.22927  0.24906
2.23707  0.25637
2.24510  0.25513
2.25288  0.26254
2.26091  0.26029
2.26861  0.26960
2.27670  0.26406
2.28423  0.27779
2.29246  0.26683
2.29973  0.28459
2.30804  0.27279
2.31527  0.28844
2.32344  0.28060
2.33078  0.29252
2.33882  0.28742
2.34621  0.29764
2.35420  0.29318
2.36154  0.30357
2.36955  0.29805
2.37678  0.31012
2.38487  0.30223
2.39191  0.31664
2.40010  0.30682
2.40697  0.32202
2.41516  0.31273
2.42201  0.32654
2.43012  0.31901
2.43700  0.33123
2.44503  0.32480
2.45190  0.33641
2.45991  0.32996
2.46670  0.34202
2.47476  0.33461
2.48138  0.34775
2.48953  0.33918
2.49597  0.35314
2.50417  0.34417
2.51050  0.35797
2.51869  0.34956
2.52497  0.36257
2.53311  0.35490
2.53935  0.36730
2.54747  0.35991
2.55363  0.37225
2.56177  0.36457
2.56778  0.37731
2.57600  0.36905
2.58181  0.38226
2.59011  0.37358
2.59574  0.38694
2.60408  0.37829
2.60958  0.39138
2.61792  0.38304
2.62331  0.39575
2.63165  0.38765
2.63692  0.40018
2.64530  0.39204
2.65038  0.40465
2.65883  0.39625
2.66368  0.40907
2.67224  0.40039
2.67683  0.41335
2.68547  0.40454
2.68984  0.41745
2.69854  0.40870
2.70269  0.42142
2.71144  0.41278
2.71536  0.42534
2.72418  0.41672
2.72784  0.42924
2.73676  0.42051
2.74010  0.43308
2.74915  0.42418
2.75214  0.43682
2.76132  0.42779
2.76394  0.44042
2.77324  0.43134
2.77550  0.44388
2.78491  0.43481
2.78680  0.44723
2.79633  0.43816
2.79781  0.45051
2.80748  0.44138
2.80851  0.45369
2.81834  0.44446
2.81888  0.45677
2.82888  0.44743
2.82890  0.45971
2.83907  0.45030
2.83857  0.46252
2.84888  0.45307
2.84787  0.46519
2.85832  0.45572
2.85678  0.46773
2.86737  0.45823
2.86529  0.47016
2.87603  0.46061
2.87339  0.47247
2.88427  0.46285
2.88108  0.47464
2.89208  0.46498
2.88836  0.47668
2.89946  0.46699
2.89524  0.47859
2.90641  0.46888
2.90172  0.48038
2.91294  0.47066
2.90781  0.48205
2.91907  0.47232
2.91352  0.48361
2.92482  0.47386
2.91887  0.48507
2.93019  0.47530
2.92388  0.48643
2.93519  0.47664
2.92855  0.48769
2.93986  0.47789
2.93292  0.48886
2.94419  0.47905
2.93699  0.48994
2.94823  0.48013
2.94078  0.49095
2.95199  0.48113
2.94432  0.49188
2.95548  0.48205
2.94760  0.49275
2.95873  0.48291
2.95066  0.49356
2.96174  0.48371
2.95351  0.49431
2.96454  0.48445
2.95616  0.49500
2.96714  0.48514
2.95863  0.49564
2.96956  0.48577
2.96093  0.49624
2.97181  0.48636
2.96306  0.49679
2.97390  0.48691
2.96504  0.49731
2.97584  0.48742
2.96689  0.49779
2.97764  0.48789
2.96861  0.49823
2.97932  0.48833
2.97021  0.49864
2.98088  0.48874
2.97170  0.49903
2.98233  0.48911
2.97309  0.49938
2.98368  0.48946
2.97438  0.49972
2.98493  0.48979
2.97558  0.50002
2.98610  0.49009
2.97670  0.50031
2.98719  0.49038
2.97775  0.50058
2.98820  0.49064
2.97872  0.50083
2.98914  0.49088
2.97962  0.50106
2.99002  0.49111
2.98047  0.50127
2.99084  0.49132
2.98125  0.50147
2.99160  0.49152
2.98198  0.50166
2.99231  0.49170
2.98267  0.50183
2.99297  0.49187
2.98330  0.50199
2.99359  0.49203
2.98390  0.50215
2.99416  0.49218
2.98445  0.50229
2.99470  0.49232
2.98496  0.50242
2.99520  0.49245
2.98545  0.50254
2.99567  0.49257
2.98589  0.50265
2.99610  0.49268
2.98631  0.50276
2.99650  0.49279
2.98670  0.50286
2.99688  0.49288
2.98707  0.50295
2.99723  0.49297
2.98741  0.50304
2.99756  0.49306
2.98772  0.50312
2.99787  0.49314
2.98802  0.50319
2.99816  0.49321
2.98829  0.50326
2.99842  0.49328
2.98855  0.50333
2.99867  0.49334
2.98879  0.50339
2.99890  0.49340
2.98902  0.50344
2.99912  0.49346
2.98922  0.50350
2.99932  0.49351
2.98942  0.50355
2.99951  0.49356
2.98960  0.50359
2.99969  0.49360
2.98977  0.50364
2.99985  0.49365
2.98993  0.50368
3.00000  0.49369
2.99008  0.50371
3.00015  0.49372
2.99022  0.50375
3.00028  0.49376
2.99035  0.50378
3.00041  0.49379
2.99047  0.50381
3.00052  0.49382
2.99058  0.50384
3.00063  0.49385
2.99068  0.50387
3.00073  0.49387
2.99078  0.50389
3.00083  0.49390
2.99087  0.50391
3.00092  0.49392
2.99096  0.50393
3.00100  0.49394
2.99104  0.50395
3.00107  0.49396
2.99111  0.50397
3.00115  0.49398
2.99118  0.50399
3.00121  0.49400
2.99125  0.50401
3.00128  0.49401
2.99131  0.50402
3.00134  0.49403
2.99136  0.50404
3.00139  0.49404
2.99142  0.50405
3.00144  0.49405
2.99147  0.50406
3.00149  0.49407
2.99151  0.50407
3.00153  0.49408
2.99155  0.50409
3.00157  0.49409
2.99159  0.50410
3.00161  0.49410
2.99163  0.50410
3.00165  0.49411
2.99167  0.50411
3.00168  0.49412
2.99170  0.50412
3.00171  0.49412
2.99173  0.50413
3.00174  0.49413
2.99176  0.50414
3.00177  0.49414
2.99178  0.50414
3.00180  0.49415
2.99181  0.50415
3.00182  0.49415
2.99183  0.50416
3.00184  0.49416
2.99185  0.50416
3.00186  0.49416
2.99187  0.50417
3.00188  0.49417
2.99189  0.50417
3.00190  0.49417
2.99191  0.50418
3.00192  0.49418
2.99193  0.50418
3.00194  0.49418
2.99194  0.50418
3.00195  0.49418
2.99196  0.50419
3.00196  0.49419
2.99197  0.50419
3.00198  0.49419
2.99198  0.50419
3.00199  0.49419
2.99199  0.50420
3.00200  0.49420
2.99201  0.50420
3.00201  0.49420
2.99202  0.50420
3.00202  0.49420
2.99203  0.50420
3.00203  0.49420
2.99203  0.50421
3.00204  0.49421
2.99204  0.50421
3.00205  0.49421
2.99205  0.50421
3.00205  0.49421
2.99206  0.50421
3.00206  0.49421
2.99206  0.50421
3.00207  0.49421
2.99207  0.50422
3.00207  0.49422
2.99208  0.50422
3.00208  0.49422
2.99208  0.50422
3.00208  0.49422
2.99209  0.50422
3.00209  0.49422
2.99209  0.50422
3.00209  0.49422
2.99210  0.50422
3.00210  0.49422
2.99210  0.50422
3.00210  0.49422
2.99210  0.50422
3.00211  0.49422
2.99211  0.50422
3.00211  0.49423
2.99211  0.50423
3.00211  0.49423
2.99211  0.50423
3.00212  0.49423
2.99212  0.50423
3.00212  0.49423
2.99212  0.50423
3.00212  0.49423
2.99212  0.50423
3.00212  0.49423
2.99213  0.50423
3.00213  0.49423
2.99213  0.50423
3.00213  0.49423
2.99213  0.50423
3.00213  0.49423
2.99213  0.50423
3.00213  0.49423
2.99213  0.50423
3.00213  0.49423
2.99213  0.50423
3.00214  0.49423
2.99214  0.50423
3.00214  0.49423
2.99214  0.50423
3.00214  0.49423
2.99214  0.50423
3.00214  0.49423
2.99214  0.50423
3.00214  0.49423
2.99214  0.50423
3.00214  0.49423
2.99214  0.50423
3.00214  0.49423
2.99214  0.50423
3.00214  0.49423
2.99215  0.50423
3.00215  0.49423
2.99215  0.50423
3.00215  0.49423
2.99215  0.50423
3.00215  0.49423
2.99215  0.50424
3.00215  0.49424
2.99215  0.50424
3.00215  0.49424
2.99215  0.50424
3.00215  0.49424
2.99215  0.50424
3.00215  0.49424
2.99215  0.50424
3.00215  0.49424
2.99215  0.50424
3.00215  0.49424
2.99215  0.50424
3.00215  0.49424
2.99215  0.50424
3.00215  0.49424
2.99215  0.50424
3.00215  0.49424
2.99215  0.50424
3.00215  0.49424
2.99215  0.50424
3.00215  0.49424
2.99215  0.50424
3.00215  0.49424
2.99215  0.50424
3.00215  0.49424
2.99215  0.50424
3.00215  0.49424
2.99215  0.50424
3.00215  0.49424
2.99216  0.50424
3.00216  0.49424
2.99216  0.50424
3.00216  0.49424
2.99216  0.50424
3.00216  0.49424
2.99216  0.50424
3.00216  0.49424
2.99216  0.50424
3.00216  0.49424
2.99216  0.50424
3.00216  0.49424
2.99216  0.50424
3.00216  0.49424
2.99216  0.50424
3.00216  0.49424
2.99216  0.50424
3.00216  0.49424
2.99216  0.50424
3.00216  0.49424
2.99216  0.50424
3.00216  0.49424
2.99216  0.50424
3.00216  0.49424
2.99216  0.50424
3.00216  0.49424
2.99216  0.50424
3.00216  0.49424
2.99216  0.50424
3.00216  0.49424
2.99216  0.50424
3.00216  0.49424
2.99216  0.50424
3.00216  0.49424
2.99216  0.50424
3.00216  0.49424
2.99216  0.50424
3.00216  0.49424
2.99216  0.50424
3.00216  0.49424
2.99216  0.50424
3.00216  0.49424
2.99216  0.50424
3.00216  0.49424
2.99216  0.50424
3.00216  0.49424
2.99216  0.50424
3.00216  0.49424
2.99216  0.50424
3.00216  0.49424
2.99216  0.50424
3.00216  0.49424
2.99216  0.50424
3.00216  0.49424
2.99216  0.50424
3.00216  0.49424
2.99216  0.50424
3.00216  0.49424
2.99216  0.50424
3.00216  0.49424
2.99216  0.50424
3.00216  0.49424
2.99216  0.50424
3.00216  0.49424
2.99216  0.50424
3.00216  0.49424
2.99216  0.50424
3.00216  0.49424
2.99216  0.50424
3.00216  0.49424
2.99216  0.50424
3.00216  0.49424
2.99216  0.50424
3.00216  0.49424
2.99216  0.50424
3.00216  0.49424
2.99216  0.50424
3.00216  0.49424
2.99216  0.50424
3.00216  0.49424
2.99216  0.50424
3.00216  0.49424
2.99216  0.50424
3.00216  0.49424
2.99216  0.50424
3.00216  0.49424
2.99216  0.50424
3.00216  0.49424
2.99216  0.50424
3.00216  0.49424
2.99216  0.50424
3.00216  0.49424
2.99216  0.50424
3.00216  0.49424
2.99216  0.50424
3.00216  0.49424
2.99216  0.50424
3.00216  0.49424
2.99216  0.50424
3.00216  0.49424
2.99216  0.50424
3.00216  0.49424
2.99216  0.50424
3.00216  0.49424
2.99216  0.50424
3.00216  0.49424
2.99216  0.50424
3.00216  0.49424
2.99216  0.50424
3.00216  0.49424
2.99216  0.50424
3.00216  0.49424
2.99216  0.50424
3.00216  0.49424
2.99216  0.50424
3.00216  0.49424
2.99216  0.50424
3.00216  0.49424
2.99216  0.50424
3.00216  0.49424
2.99216  0.50424
3.00216  0.49424
2.99216  0.50424
3.00216  0.49424
2.99216  0.50424
3.00216  0.49424
2.99216  0.50424
3.00216  0.49424
2.99216  0.50424
3.00216  0.49424
2.99216  0.50424
3.00216  0.49424
2.99216  0.50424
3.00216  0.49424
2.99216  0.50424
3.00216  0.49424
2.99216  0.50424
3.00216  0.49424
2.99216  0.50424
3.00216  0.49424
2.99216  0.50424
3.00216  0.49424
2.99216  0.50424
3.00216  0.49424
2.99216  0.50424
3.00216  0.49424
2.99216  0.50424
3.00216  0.49424
2.99216  0.50424
3.00216  0.49424
2.99216  0.50424
3.00216  0.49424
2.99216  0.50424
3.00216  0.49424
2.99216  0.50424
3.00216  0.49424
2.99216  0.50424
3.00216  0.49424
2.99216  0.50424
3.00216  0.49424
2.99216  0.50424
3.00216  0.49424
2.99216  0.50424
3.00216  0.49424
2.99216  0.50424
3.00216  0.49424
2.99216  0.50424
3.00216  0.49424
2.99216  0.50424
3.00216  0.49424
2.99216  0.50424
3.00216  0.49424
2.99216  0.50424
3.00216  0.49424
2.99216  0.50424
3.00216  0.49424
2.99216  0.50424
3.00216  0.49424
2.99216  0.50424
3.00216  0.49424
2.99216  0.50424
3.00216  0.49424
2.99216  0.50424
3.00216  0.49424
2.99216  0.50424
3.00216  0.49424
2.99216  0.50424
3.00216  0.49424
2.99216  0.50424
3.00216  0.49424
2.99216  0.50424
3.00216  0.49424
2.99216  0.50424
3.00216  0.49424
2.99216  0.50424
3.00216  0.49424
2.99216  0.50424
3.00216  0.49424
2.99216  0.50424
3.00216  0.49424
2.99216  0.50424
3.00216  0.49424
2.99216  0.50424
3.00216  0.49424
2.99216  0.50424
3.00216  0.49424
2.99216  0.50424
3.00216  0.49424
2.99216  0.50424
3.00216  0.49424
2.99216  0.50424
3.00216  0.49424
